total_scan<- 604800 # 7d*24h*3600s
