total_scan<- 13860;