total_scan<- 9000;