total_scan<- 1138;
